10
20
30
40
50
60
70
80
130
220
240
280
300
320
340
360
380
400
420
440
480
500
550
570
620
630
730
4000
4700
8500
8870
8930
8940
9400
9450
9900
10090
10180
10500
12210
20920
22380
49520
50620
55230
70000
72200
72850
105450
105600
107410
108600
110800
113200
115320
218620
219640
221100
223470
225540
227300
230410
231430
232090
233450
234630
235460
236390
238960
239140
239820
240720
242050
242760
244210
246620
247080
248820
250900
251570
252490
252950
253230
255710
261550
262060
264710
268500
270170
271590
275850
281990
282070
285190
286160
287390
287700
289070
291480
291550
292030
294100
298630
302670
304930
305620
306130
307780
311210
311690
312520
312660
315210
319630
322330
323190
327030
329430
330020
333930
337000
346010
346110
346900
351940
353270
356190
359320
359550
361420
362890
365450
365590
367520
368260
370910
374320
377160
377840
379720
381210
381800
383870
386180
386360
388410
391220
391540
394360
397540
397950
400040
405900
409710
410320
413150
418240
418370
424840
427520
431240
431960
433850
435150
435400
438100
438740
444090
447040
450390
457140
460930
462780
466240
466560
473690
477160
482730
489520
489830
489940
493340
493520
494840
504230
504370
508440
513710
518790
520720
524220
526160
526870
527230
529340
530620
534380
535930
548430
552500
552520
552990
553850
560130
563560
573090
578080
581320
582010
582660
588650
594570
594650
601150
602960
611790
613100
617290
620590
620980
629760
632360
632470
635260
637650
640820
646570
648800
666140
674940
677620
678950
680420
683320
686810
690790
698780
700330
704270
704850
714010
714120
728880
736260
739630
742420
750920
751780
752590
753640
755790
761890
763890
766570
774171
774801
774861
779340
780290
782330
787480
789950
794260
795100
805550
812140
812810
812900
813780
814380
816020
823130
823500
824270
834910
835570
838350
844870
846770
848450
858820
860510
860950
863550
870780
871720
880940
881100
882100
883710
885970
892970
893520
899440
899770
905370
916440
920210
921570
924970
934700
945360
952060
960090
960170
973580
976590
976730
990080
1003590
1016120
1029690
1044720
1057090
1063730
1066890
1085660
1086940
1091500
1097150
1113000
1145360
1158310
1172470
1174180
1190460
1196590
1203220
1203620
1217060
1222670
1237970
1238860
1245620
1250410
1259420
1260320
1263850
1268750
1274570
1281930
1282100
1286680
1290000
1293830
1294810
1325200
1326470
1328670
1332010
1353230
1361210
1364780
1366540
1367080
1372880
1382330
1384160
1407200
1418630
1426210
1432860
1446780
1449850
1462040
1465360
1466860
1468810
1476970
1482620
1490890
1501750
1506830
1509960
1515950
1517290
1533420
1544020
1549970
1551360
1557740
1562430
1568590
1577120
1599340
1601580
1621690
1623730
1627720
1637320
1643320
1649240
1657630
1659040
1659420
1660080
1672970
1680880
1687950
1692250
1702330
1716740
1721470
1740720
1745510
1748600
1761390
1774580
1778820
1794680
1811260
1817070
1818750
1824220
1836450
1868140
1888160
1888930
1895880
1903340
1904540
1928980
1934680
1938090
1940340
1942280
1943950
1954200
1962663
1966720
1971870
1973530
1987080
1997040
2001120
2012840
2050650
2054970
2058180
2071280
2073850
2086500
2107670
2114740
2138710
2139460
2141910
2167580
2186680
2195250
2215430
2231450
2239550
2252570
2273430
2281730
2300320
2316590
2321470
2322010
2344520
2349820
2358720
2369390
2379780
2399830
2420510
2429640
2457220
2479810
2519060
2531310
2547000
2578500
2591280
2619850
2646460
2670630
2694490
2708800
2767030
2784840
2807960
